,Tm,W,Rk,G,PF,Yds,Ply,Y/P,TO,FL,1stD,Cmp,Att,Pass_Yds,TD,Int,NY/A,Pass_1stD,Att.1,Rush_Yds,Rush_TD,Y/A,Rush_1stD,Pen,Pen_Yds,1stPy,Sc%,TO%,EXP
0,Philadelphia Eagles,13,3,16,457,5852,1073,5.5,20,11,338,341,564,3737,38,9,6.2,193,473,2115,9,4.5,108,116,962,37,40.3,9.4,21.06
1,Minnesota Vikings,13,10,16,382,5710,1055,5.4,14,6,334,357,527,3753,25,8,6.8,196,501,1957,15,3.9,100,100,949,38,38.9,7.6,-54.08
2,Los Angeles Rams,11,1,16,478,5784,1000,5.8,21,14,311,320,518,3831,28,7,7.0,185,454,1953,17,4.3,97,107,922,29,45.3,9.5,-43.18
3,New Orleans Saints,11,4,16,448,6259,1000,6.3,18,10,332,386,536,4189,23,8,7.5,201,444,2070,23,4.7,111,105,967,20,44.6,9.1,7.38
4,Carolina Panthers,11,12,16,363,5179,1026,5.0,22,6,320,293,501,3077,22,16,5.7,167,490,2102,15,4.3,121,83,682,32,37.4,11.7,-100.34
5,Atlanta Falcons,10,15,16,353,5837,984,5.9,18,6,330,343,530,3990,21,12,7.2,200,430,1847,12,4.3,101,102,918,29,41.2,10.3,-46.05
6,Detroit Lions,9,7,16,410,5404,980,5.5,22,11,296,374,570,4183,29,11,6.8,210,363,1221,10,3.4,58,104,968,28,37.3,11.9,-93.68
7,Seattle Seahawks,9,11,16,366,5286,1007,5.2,17,5,299,340,555,3657,34,12,6.1,183,409,1629,4,4.0,85,148,1342,31,30.5,8.6,-78.12
8,Dallas Cowboys,9,14,16,354,5311,1005,5.3,22,9,314,309,493,3141,22,13,6.0,162,480,2170,18,4.5,127,97,939,25,36.3,11.1,-40.65
9,Arizona Cardinals,8,25,16,295,5026,1060,4.7,25,7,310,339,598,3640,21,18,5.6,200,410,1386,6,3.4,66,110,880,44,29.2,12.4,-185.97
10,Green Bay Packers,7,21,16,320,4891,999,4.9,25,7,307,352,562,3167,25,18,5.2,176,386,1724,13,4.5,99,96,789,32,30.5,13.2,-61.83
11,Washington Redskins,7,16,16,342,5199,982,5.3,27,14,278,347,540,3751,27,13,6.5,191,401,1448,10,3.6,66,92,733,21,31.9,12.6,-95.51
12,San Francisco 49ers,6,20,16,331,5587,1058,5.3,23,8,321,362,607,3925,15,15,6.0,206,408,1662,15,4.1,88,123,988,27,37.5,12.0,-173.95
13,Tampa Bay Buccaneers,5,18,16,335,5814,1035,5.6,27,13,352,378,605,4366,26,14,6.8,243,390,1448,8,3.7,76,104,795,33,33.7,15.4,-52.32
14,Chicago Bears,5,29,16,264,4599,934,4.9,22,10,266,291,473,2811,13,12,5.5,144,422,1788,13,4.2,92,115,943,30,24.1,12.1,-115.2
15,New York Giants,3,31,16,246,5028,1036,4.9,22,8,271,373,608,3479,20,14,5.4,178,394,1549,6,3.9,66,91,895,27,22.7,11.3,-167.56
16,New England Patriots,13,2,16,458,6307,1070,5.9,12,4,389,389,587,4418,32,8,7.1,232,448,1889,16,4.2,107,95,835,50,49.4,6.9,114.84
17,Pittsburgh Steelers,13,8,16,406,6047,1051,5.8,20,5,348,384,590,4380,29,15,7.1,217,437,1667,12,3.8,96,101,897,35,43.0,10.6,-32.55
18,Jacksonville Jaguars,10,5,16,417,5855,1078,5.4,23,10,332,316,527,3593,21,13,6.5,193,527,2262,18,4.3,101,112,936,38,34.7,11.1,-36.01
19,Kansas City Chiefs,10,6,16,415,6007,985,6.1,11,3,322,363,543,4104,26,8,7.1,198,405,1903,12,4.7,95,118,1044,29,44.9,6.3,-22.58
20,Tennessee Titans,9,19,16,334,5024,974,5.2,25,8,290,306,496,3191,14,17,6.0,157,443,1833,18,4.1,97,85,785,36,35.1,12.6,-134.32
21,Buffalo Bills,9,22,16,302,4842,1010,4.8,16,6,278,289,476,2825,16,10,5.4,149,487,2017,12,4.1,105,98,872,24,31.7,8.9,-156.16
22,Baltimore Ravens,9,9,16,395,4886,1054,4.6,17,4,311,363,567,3030,20,13,5.1,168,460,1856,14,4.0,111,91,749,32,36.5,8.9,-132.06
23,Los Angeles Chargers,9,13,16,355,6026,1020,5.9,15,4,337,366,583,4431,28,11,7.4,220,419,1595,10,3.8,84,108,927,33,33.3,8.5,-17.69
24,Cincinnati Bengals,7,26,16,290,4488,927,4.8,23,11,267,304,510,3122,25,12,5.7,165,377,1366,6,3.6,72,110,1027,30,26.5,11.4,-108.45
25,Oakland Raiders,6,23,16,301,5185,952,5.4,28,14,287,347,558,3631,23,14,6.2,178,370,1554,13,4.2,78,114,1009,31,29.2,15.2,-84.71
26,Miami Dolphins,6,28,16,281,4923,995,4.9,29,8,284,373,602,3535,24,21,5.6,187,360,1388,4,3.9,66,137,1154,31,25.8,15.3,-156.17
27,Denver Broncos,5,27,16,289,5185,1075,4.8,34,12,297,332,566,3333,19,22,5.4,180,457,1852,8,4.1,92,113,885,25,26.4,16.6,-165.14
28,New York Jets,5,24,16,298,4884,984,5.0,24,12,269,323,510,3182,19,12,5.7,157,427,1702,13,4.0,77,119,1035,35,28.6,11.1,-119.83
29,Indianapolis Colts,4,30,16,263,4553,994,4.6,15,6,267,285,487,2892,13,9,5.3,148,451,1661,11,3.7,94,92,779,25,29.4,8.3,-189.77
30,Houston Texans,4,17,16,338,5120,1027,5.0,28,11,313,299,525,3278,28,17,5.7,180,448,1842,8,4.1,86,124,1050,47,29.2,14.6,-78.81
31,Cleveland Browns,0,32,16,234,4942,1008,4.9,41,13,290,312,574,3228,15,28,5.2,157,384,1714,11,4.5,97,110,924,36,22.0,21.0,-233.13
32,New Orleans Saints,13,3,16,504,6067,1010,6.0,16,9,377,381,519,4042,33,7,7.5,210,471,2025,26,4.3,134,94,939,33,51.8,9.5,237.73
33,Los Angeles Rams,13,2,16,527,6738,1060,6.4,19,7,401,368,568,4507,32,12,7.5,236,459,2231,23,4.9,134,96,878,31,48.6,9.8,239.79
34,Chicago Bears,12,9,16,421,5502,1013,5.4,24,10,331,344,512,3564,28,14,6.5,177,468,1938,16,4.1,108,97,796,46,36.8,13.2,96.31
35,Dallas Cowboys,10,22,16,339,5501,1022,5.4,17,9,322,356,527,3538,22,8,6.1,184,439,1963,13,4.5,113,104,885,25,37.9,10.1,83.04
36,Seattle Seahawks,10,6,16,428,5653,1012,5.6,11,4,329,280,427,3093,35,7,6.5,156,534,2560,15,4.8,133,111,959,40,39.8,6.1,128.78
37,Philadelphia Eagles,9,18,16,367,5845,1037,5.6,23,12,346,422,599,4275,29,11,6.7,221,398,1570,12,3.9,94,100,852,31,38.1,12.5,91.97
38,Minnesota Vikings,8,19,16,360,5529,1003,5.5,20,10,310,425,606,4036,30,10,6.2,218,357,1493,9,4.2,66,92,779,26,32.4,10.6,7.47
39,Atlanta Falcons,7,10,16,414,6226,1010,6.2,18,11,352,428,617,4653,36,7,7.1,238,351,1573,11,4.5,84,101,899,30,42.9,10.7,155.08
40,Washington Redskins,7,29,16,281,4795,967,5.0,19,4,280,311,509,3021,16,15,5.5,156,414,1774,12,4.3,96,115,1008,28,31.8,11.2,-34.07
41,Carolina Panthers,7,15,16,376,5972,1011,5.9,22,6,356,378,563,3836,28,16,6.4,212,416,2136,17,5.1,117,92,818,27,37.0,12.1,117.24
42,Green Bay Packers,6,14,16,376,5905,1026,5.8,15,11,332,392,640,4238,25,4,6.1,208,333,1667,14,5.0,98,108,937,26,38.8,6.7,108.88
43,Detroit Lions,6,25,16,324,5236,1019,5.1,19,7,325,375,574,3576,22,12,5.8,201,404,1660,11,4.1,91,94,852,33,35.3,11.0,39.87
44,New York Giants,5,16,16,369,5697,984,5.8,19,7,297,382,583,4047,23,12,6.4,208,354,1650,13,4.7,71,114,951,18,38.4,9.6,70.53
45,Tampa Bay Buccaneers,5,12,16,396,6648,1055,6.3,35,9,388,408,625,5125,36,26,7.7,265,389,1523,11,3.9,80,117,975,43,37.0,19.0,121.14
46,San Francisco 49ers,4,21,16,342,5769,1003,5.8,32,12,344,331,532,3867,26,20,6.7,201,423,1902,7,4.5,98,112,982,45,37.0,17.1,20.95
47,Arizona Cardinals,3,32,16,225,3865,902,4.3,28,10,239,283,495,2523,15,18,4.6,137,355,1342,9,3.8,76,101,786,26,19.3,15.0,-155.06
48,Kansas City Chiefs,12,1,16,565,6810,996,6.8,18,6,384,385,583,4955,50,12,8.1,239,387,1855,16,4.8,108,137,1152,37,52.6,10.5,298.14
49,New England Patriots,11,4,16,436,6295,1073,5.9,18,7,365,378,574,4258,29,11,7.2,206,478,2037,18,4.3,131,93,744,28,40.8,9.2,190.96
50,Houston Texans,11,11,16,402,5802,1040,5.6,16,7,333,345,506,3781,26,9,6.7,202,472,2021,12,4.3,94,105,787,37,40.3,8.1,84.1
51,Baltimore Ravens,10,13,16,389,5999,1135,5.3,20,11,367,334,556,3558,18,9,6.1,184,547,2441,19,4.5,153,116,940,30,40.7,10.7,72.85
52,Los Angeles Chargers,12,7,16,428,5962,945,6.3,19,7,338,348,512,4089,32,12,7.5,213,399,1873,16,4.7,100,113,967,25,42.4,10.0,170.19
53,Indianapolis Colts,10,5,16,433,6179,1070,5.8,24,9,371,432,644,4461,39,15,6.7,237,408,1718,13,4.2,96,120,953,38,41.2,13.2,140.47
54,Pittsburgh Steelers,9,8,16,428,6453,1058,6.1,26,9,378,459,689,5008,35,17,7.0,251,345,1445,16,4.2,88,111,1026,39,36.8,14.3,156.16
55,Tennessee Titans,9,27,16,310,5002,940,5.3,18,6,289,293,437,2975,16,12,6.1,156,456,2027,15,4.4,106,82,727,27,34.9,10.2,10.48
56,Cleveland Browns,7,20,16,359,5900,1023,5.8,24,7,314,353,574,4007,29,17,6.5,189,411,1893,15,4.6,93,112,894,32,31.2,11.4,36.91
57,Miami Dolphins,7,26,16,319,4638,878,5.3,23,10,252,292,455,2900,26,13,5.7,153,371,1738,7,4.7,75,108,978,24,28.3,12.5,-40.39
58,Denver Broncos,6,24,16,329,5602,1015,5.5,21,6,320,367,588,3695,19,15,5.9,181,393,1907,18,4.9,107,125,985,32,30.6,11.3,24.23
59,Cincinnati Bengals,6,17,16,368,4972,938,5.3,17,4,304,331,542,3290,27,13,5.7,182,359,1682,13,4.7,92,114,957,30,35.5,9.6,47.57
60,Buffalo Bills,6,30,16,269,4778,1008,4.7,32,9,283,271,499,2794,13,23,5.2,137,468,1984,15,4.2,108,116,992,38,26.4,15.5,-104.81
61,Jacksonville Jaguars,5,31,16,245,4832,1005,4.8,29,16,277,329,536,3109,15,13,5.3,164,416,1723,7,4.1,92,121,1112,21,25.0,15.6,-98.17
62,New York Jets,4,23,16,333,4787,971,4.9,30,11,258,299,524,3165,18,19,5.6,157,410,1622,11,4.0,84,114,948,17,32.0,14.7,-97.45
63,Oakland Raiders,4,28,16,290,5379,995,5.4,24,14,300,382,556,3751,19,10,6.2,197,387,1628,9,4.2,86,110,965,17,31.3,13.6,-17.92
64,San Francisco 49ers,13,2,16,479,6097,1012,6.0,23,10,336,331,478,3792,28,13,7.4,195,498,2305,23,4.6,110,105,939,31,44.3,12.0,140.39
65,Green Bay Packers,13,15,16,376,5528,1020,5.4,13,9,320,356,573,3733,26,4,6.1,190,411,1795,18,4.4,90,100,774,40,37.3,6.8,113.4
66,New Orleans Saints,13,4,16,458,5982,1011,5.9,8,2,347,418,581,4244,36,6,7.0,230,405,1738,12,4.3,97,120,1036,20,46.2,4.0,163.04
67,Philadelphia Eagles,9,12,16,385,5772,1104,5.2,23,15,354,391,613,3833,27,8,5.9,215,454,1939,16,4.3,104,100,836,35,34.8,10.7,59.85
68,Seattle Seahawks,11,9,16,405,5991,1046,5.7,20,14,341,341,517,3791,31,6,6.7,190,481,2200,15,4.6,121,109,882,30,36.5,10.6,86.55
69,Minnesota Vikings,10,8,16,407,5656,970,5.8,20,12,314,319,466,3523,26,8,7.1,171,476,2133,19,4.5,106,96,895,37,41.6,10.4,98.01
70,Los Angeles Rams,9,11,16,394,5998,1055,5.7,24,7,342,397,632,4499,22,17,6.9,222,401,1499,20,3.7,92,118,899,28,35.7,13.0,37.09
71,Chicago Bears,8,29,16,280,4749,1020,4.7,19,7,297,371,580,3291,20,12,5.3,178,395,1458,8,3.7,85,103,838,34,29.1,10.3,-41.05
72,Dallas Cowboys,8,6,16,434,6904,1069,6.5,18,7,379,388,597,4751,30,11,7.7,229,449,2153,18,4.8,120,109,1008,30,44.6,10.3,210.77
73,Atlanta Falcons,7,13,16,381,6075,1096,5.5,25,10,383,459,684,4714,29,15,6.4,258,362,1361,10,3.8,84,119,956,41,40.8,13.2,95.51
74,Tampa Bay Buccaneers,7,3,16,458,6366,1086,5.9,41,11,353,382,630,4845,33,30,7.2,244,409,1521,15,3.7,81,133,1111,28,37.9,20.2,37.0
75,Arizona Cardinals,5,16,16,361,5467,1000,5.5,18,6,314,355,554,3477,20,12,5.8,176,396,1990,18,5.0,109,121,956,29,38.8,10.1,64.36
76,Carolina Panthers,5,20,16,340,5469,1077,5.1,35,14,335,382,633,3650,17,21,5.3,230,386,1819,20,4.7,82,87,754,23,32.3,16.7,-28.07
77,New York Giants,4,19,16,341,5416,1012,5.4,33,16,311,376,607,3731,30,17,5.7,187,362,1685,11,4.7,89,90,784,35,28.6,17.8,-10.3
78,Detroit Lions,3,18,16,341,5549,1021,5.4,23,8,313,344,571,3900,28,15,6.4,196,407,1649,7,4.1,82,113,937,35,33.3,12.0,31.07
79,Washington Redskins,3,32,16,266,4395,885,5.0,21,8,248,298,479,2812,18,13,5.3,154,356,1583,9,4.4,74,106,835,20,29.5,11.9,-88.3
80,Baltimore Ravens,14,1,16,531,6521,1064,6.1,15,7,386,289,440,3225,37,8,6.9,171,596,3296,21,5.5,188,109,867,27,51.8,8.4,239.99
81,Kansas City Chiefs,12,5,16,451,6067,976,6.2,15,10,350,378,576,4498,30,5,7.5,211,375,1569,16,4.2,93,107,1029,46,48.8,7.9,263.38
82,New England Patriots,12,7,16,420,5664,1095,5.2,15,6,338,378,620,3961,25,9,6.1,197,447,1703,17,3.8,110,94,828,31,36.3,7.4,34.62
83,Houston Texans,10,14,16,378,5792,1017,5.7,22,8,346,355,534,3783,27,14,6.5,203,434,2009,17,4.6,112,111,892,31,37.9,12.4,118.67
84,Buffalo Bills,10,23,16,314,5283,1018,5.2,19,7,314,299,513,3229,21,12,5.8,162,465,2054,13,4.4,120,117,927,32,30.1,10.2,6.66
85,Tennessee Titans,9,10,16,402,5805,949,6.1,17,9,317,297,448,3582,29,8,7.1,177,445,2223,21,5.0,104,99,932,36,31.4,8.6,115.88
86,Pittsburgh Steelers,8,27,16,289,4428,937,4.7,30,11,265,315,510,2981,18,19,5.5,147,395,1447,7,3.7,75,111,893,43,28.9,16.0,-85.56
87,Denver Broncos,7,28,16,282,4777,954,5.0,16,6,279,312,504,3115,16,10,5.7,162,409,1662,11,4.1,77,110,912,40,32.4,9.2,-14.61
88,Oakland Raiders,7,24,16,313,5819,989,5.9,17,9,315,367,523,3926,22,8,7.1,194,437,1893,13,4.3,104,128,1138,17,32.7,9.7,79.57
89,Indianapolis Colts,7,17,16,361,5238,1016,5.2,21,11,340,307,513,3108,22,10,5.7,165,471,2130,17,4.5,131,79,670,44,36.3,11.3,74.8
90,New York Jets,7,31,16,276,4368,956,4.6,25,9,253,323,521,3111,19,16,5.4,162,383,1257,6,3.3,61,115,1105,30,23.3,11.6,-112.92
91,Jacksonville Jaguars,6,26,16,300,5468,1020,5.4,20,12,298,364,589,3760,24,8,6.0,183,389,1708,3,4.4,85,132,1165,30,33.9,10.2,-23.15
92,Cleveland Browns,6,22,16,335,5455,973,5.6,28,7,305,318,539,3554,22,21,6.1,180,393,1901,15,4.8,90,122,1106,35,33.9,14.8,13.54
93,Los Angeles Chargers,5,21,16,337,5879,997,5.9,31,11,349,394,597,4426,24,20,7.0,220,366,1453,12,4.0,90,103,872,39,38.8,18.1,82.43
94,Miami Dolphins,5,25,16,306,4960,1022,4.9,26,8,315,371,615,3804,22,18,5.7,210,349,1156,10,3.3,64,92,769,41,30.2,13.7,-28.85
95,Cincinnati Bengals,2,30,16,279,5169,1049,4.9,30,14,312,356,616,3652,18,16,5.5,191,385,1517,9,3.9,85,93,761,36,29.8,15.5,-60.73
96,Green Bay Packers,13,1,16,509,6224,990,6.3,11,6,358,372,526,4106,48,5,7.5,216,443,2118,16,4.8,114,84,684,28,49.7,5.6,290.75
97,New Orleans Saints,12,5,16,482,6023,1045,5.8,17,9,367,370,522,3758,28,8,6.8,199,494,2265,30,4.6,147,98,1005,21,45.5,9.0,176.94
98,Seattle Seahawks,12,8,16,459,5912,1022,5.8,18,5,356,388,563,3941,40,13,6.5,216,411,1971,15,4.8,111,84,662,29,44.4,10.1,129.24
99,Washington Football Team,7,25,16,335,5076,1051,4.8,27,11,322,389,601,3465,16,16,5.3,184,400,1611,18,4.0,108,87,697,30,33.3,13.1,-10.43
100,Tampa Bay Buccaneers,11,3,16,492,6145,1017,6.0,17,5,364,410,626,4626,42,12,7.1,238,369,1519,16,4.1,82,84,715,44,47.8,8.9,246.24
101,Los Angeles Rams,10,22,16,372,6032,1088,5.5,25,11,352,392,590,4014,20,14,6.5,206,473,2018,19,4.3,123,71,655,23,34.2,12.5,57.24
102,Chicago Bears,8,23,16,372,5302,1043,5.1,22,6,335,402,614,3655,26,16,5.6,218,393,1647,12,4.2,93,88,777,24,38.9,12.0,34.92
103,Arizona Cardinals,8,13,16,410,6153,1083,5.7,21,8,381,387,575,3916,27,13,6.5,211,479,2237,22,4.7,136,113,868,34,40.2,11.7,103.62
104,Minnesota Vikings,7,11,16,430,6292,1023,6.2,23,10,383,349,516,4009,35,13,7.2,212,468,2283,20,4.9,139,82,650,32,39.8,12.5,157.7
105,San Francisco 49ers,6,21,16,376,5922,1046,5.7,31,14,350,371,570,4033,25,17,6.6,217,437,1889,19,4.3,101,85,731,32,36.3,14.8,55.7
106,New York Giants,6,31,16,280,4794,966,5.0,22,11,297,321,517,3026,12,11,5.3,178,399,1768,13,4.4,91,81,634,28,33.5,12.6,-26.79
107,Dallas Cowboys,6,17,16,395,5949,1113,5.3,26,13,371,413,639,4161,25,13,6.1,231,430,1788,14,4.2,115,96,849,25,40.6,14.4,58.97
108,Carolina Panthers,5,24,16,350,5592,993,5.6,21,5,335,373,550,3888,16,16,6.6,192,407,1704,19,4.2,110,95,752,33,40.3,13.2,81.2
109,Detroit Lions,5,20,16,377,5603,991,5.7,21,8,350,374,582,4104,27,13,6.6,220,367,1499,17,4.1,93,95,860,37,38.5,11.2,94.78
110,Philadelphia Eagles,4,26,16,334,5354,1066,5.0,29,9,336,334,598,3327,22,20,5.0,177,403,2027,16,5.0,114,107,853,45,27.9,15.3,-13.65
111,Atlanta Falcons,4,16,16,396,5895,1078,5.5,18,7,366,408,628,4363,27,11,6.5,243,409,1532,13,3.7,86,83,736,37,44.8,10.3,129.77
112,Baltimore Ravens,11,7,16,468,5810,993,5.9,18,7,327,257,406,2739,27,11,6.3,142,555,3071,24,5.5,166,104,961,19,45.3,10.6,148.3
113,Cleveland Browns,11,14,16,408,5913,1022,5.8,16,8,355,315,501,3539,27,8,6.7,195,495,2374,21,4.8,133,100,870,27,40.6,9.7,159.48
114,New England Patriots,7,27,16,326,5236,979,5.3,19,5,332,283,440,2890,12,14,6.1,157,502,2346,20,4.7,143,62,534,32,36.9,12.1,55.88
115,Tennessee Titans,11,4,16,491,6343,1031,6.2,12,5,381,316,485,3653,33,7,7.2,203,521,2690,26,5.2,142,86,783,36,47.9,7.2,245.01
116,Kansas City Chiefs,14,6,16,473,6653,1057,6.3,16,9,397,420,630,4854,40,7,7.4,255,403,1799,13,4.5,110,105,919,32,47.9,9.2,280.82
117,Buffalo Bills,13,2,16,501,6343,1034,6.1,22,11,397,410,596,4620,40,11,7.4,240,411,1723,16,4.2,119,102,941,38,49.4,11.8,228.66
118,Pittsburgh Steelers,12,12,16,416,5354,1043,5.1,18,7,322,428,656,4003,35,11,6.0,206,373,1351,12,3.6,81,81,691,35,37.2,8.5,78.22
119,Indianapolis Colts,11,9,16,451,6049,1032,5.9,15,4,364,371,552,4053,24,11,7.1,201,459,1996,20,4.3,129,94,899,34,44.4,8.8,168.41
120,Miami Dolphins,10,15,16,404,5424,1021,5.3,20,7,345,370,559,3736,24,13,6.3,207,428,1688,15,3.9,100,74,635,38,41.4,11.0,61.96
121,Las Vegas Raiders,8,10,16,434,6133,1036,5.9,26,16,359,369,551,4217,28,10,7.3,206,457,1916,20,4.2,121,98,856,32,47.9,14.8,147.62
122,Los Angeles Chargers,7,19,16,384,6113,1127,5.4,16,6,373,413,627,4329,31,10,6.5,226,466,1784,12,3.8,111,85,710,36,38.3,8.6,129.6
123,Denver Broncos,5,28,16,323,5369,1030,5.2,32,9,308,317,556,3451,21,23,5.9,176,442,1918,13,4.3,94,81,670,38,33.0,17.0,-21.82
124,Cincinnati Bengals,4,29,16,311,5116,1040,4.9,24,13,318,372,581,3448,19,11,5.5,201,411,1668,13,4.1,92,83,675,25,33.0,12.8,-5.13
125,Houston Texans,4,18,16,384,6004,940,6.4,18,11,326,383,546,4538,33,7,7.6,222,344,1466,10,4.3,83,80,619,21,42.9,9.8,140.22
126,New York Jets,2,32,16,243,4479,948,4.7,19,5,269,292,499,2796,16,14,5.2,146,406,1683,9,4.1,94,101,952,29,26.3,10.9,-59.07
127,Jacksonville Jaguars,1,30,16,306,5218,997,5.2,25,9,310,387,616,3699,25,16,5.6,205,337,1519,9,4.5,80,107,1071,25,30.4,14.0,-6.12
128,Green Bay Packers,13,10,17,450,6215,1072,5.8,13,6,375,402,593,4315,39,7,6.9,235,446,1900,13,4.3,109,69,678,31,44.5,6.4,180.42
129,Tampa Bay Buccaneers,13,2,17,511,6901,1139,6.1,19,7,404,492,731,5229,43,12,6.9,273,385,1672,18,4.3,106,97,874,25,44.3,9.8,216.14
130,Dallas Cowboys,12,1,17,530,6919,1153,6.0,20,9,390,444,647,4800,40,11,7.1,248,473,2119,15,4.5,111,127,1103,31,43.8,9.9,158.06
131,Los Angeles Rams,12,8,17,460,6325,1058,6.0,23,5,355,406,607,4642,41,18,7.3,233,420,1683,10,4.0,99,76,637,23,45.9,12.2,161.53
132,Arizona Cardinals,11,11,17,449,6352,1126,5.6,15,4,367,415,591,4276,27,11,6.8,214,496,2076,23,4.2,127,114,990,26,44.7,7.8,119.94
133,San Francisco 49ers,10,13,17,427,6387,1046,6.1,24,10,361,343,514,4221,26,14,7.7,200,499,2166,22,4.3,130,102,1066,31,41.2,11.5,130.03
134,Philadelphia Eagles,9,12,17,444,6119,1075,5.7,16,6,352,307,494,3404,20,10,6.5,167,550,2715,25,4.9,163,107,842,22,43.4,9.2,113.05
135,New Orleans Saints,9,19,17,364,5177,1051,4.9,18,5,307,293,504,3186,29,13,5.9,165,510,1991,12,3.9,113,98,811,29,33.7,8.7,-11.97
136,Minnesota Vikings,8,14,17,425,6168,1083,5.7,13,6,332,398,604,4238,34,7,6.7,202,449,1930,10,4.3,103,111,1043,27,39.3,6.6,72.05
137,Washington Football Team,7,24,17,335,5502,1070,5.1,24,9,345,356,550,3441,21,15,5.8,181,477,2061,13,4.3,129,82,743,35,34.6,13.4,15.8
138,Seattle Seahawks,7,16,17,395,5506,954,5.8,13,6,302,324,495,3432,30,7,6.3,166,413,2074,18,5.0,106,97,803,30,34.8,7.0,101.56
139,Atlanta Falcons,7,26,17,313,5164,1006,5.1,26,11,306,377,573,3713,20,15,6.1,196,393,1451,11,3.7,75,92,753,35,32.8,14.7,-18.38
140,Chicago Bears,6,27,17,311,5225,1075,4.9,29,9,333,332,542,3207,16,20,5.3,180,475,2018,14,4.2,119,106,914,34,31.5,15.2,-40.89
141,Carolina Panthers,5,29,17,304,5081,1106,4.6,29,8,322,348,599,3239,14,21,5.0,174,455,1842,17,4.0,118,107,864,30,29.2,14.9,-92.1
142,New York Giants,4,31,17,258,4884,1050,4.7,30,10,299,351,593,3196,15,20,5.1,171,419,1688,8,4.0,90,88,674,38,27.5,15.9,-100.13
143,Detroit Lions,3,25,17,325,5484,1056,5.2,23,9,329,396,593,3598,23,14,5.7,193,427,1886,12,4.4,104,105,824,32,34.3,12.9,6.87
144,Tennessee Titans,12,15,17,419,5822,1133,5.1,25,11,362,359,535,3418,22,14,5.9,194,551,2404,23,4.4,134,103,973,34,38.9,13.0,79.19
145,Kansas City Chiefs,12,4,17,480,6746,1134,5.9,25,12,419,448,675,4791,37,13,6.8,267,431,1955,16,4.5,119,111,925,33,48.2,13.7,261.77
146,Buffalo Bills,11,3,17,483,6493,1143,5.7,22,6,398,415,655,4284,36,16,6.3,236,461,2209,20,4.8,134,113,980,28,45.2,11.3,216.68
147,Cincinnati Bengals,10,7,17,460,6145,1046,5.9,21,7,337,384,555,4403,36,14,7.2,208,436,1742,16,4.0,96,72,620,33,42.6,10.0,118.5
148,Las Vegas Raiders,10,18,17,374,6184,1082,5.7,24,10,349,429,628,4567,23,14,6.8,217,414,1617,14,3.9,95,124,1104,37,41.0,12.8,77.89
149,New England Patriots,10,6,17,462,6008,1052,5.7,23,10,362,364,535,3857,24,13,6.9,187,489,2151,24,4.4,139,95,854,36,48.0,12.6,126.97
150,Pittsburgh Steelers,9,21,17,343,5361,1113,4.8,20,9,323,425,664,3778,23,11,5.4,204,411,1583,10,3.9,85,106,831,34,34.7,9.5,-14.49
151,Indianapolis Colts,9,9,17,451,5901,1052,5.6,19,11,354,324,521,3361,27,8,6.1,167,499,2540,22,5.1,154,76,688,33,43.3,8.9,127.06
152,Miami Dolphins,9,22,17,341,5219,1097,4.8,26,12,325,404,615,3651,21,14,5.6,206,442,1568,12,3.5,87,105,825,32,30.1,12.4,-11.96
153,Los Angeles Chargers,9,5,17,474,6634,1128,5.9,22,7,401,443,674,4800,38,15,6.8,256,423,1834,18,4.3,112,116,1033,33,45.7,12.0,164.91
154,Cleveland Browns,8,20,17,349,5791,1054,5.5,22,8,342,320,520,3320,21,14,5.8,177,485,2471,20,5.1,138,112,1035,27,32.2,12.4,58.49
155,Baltimore Ravens,8,17,17,387,6440,1185,5.4,26,8,394,396,611,3961,21,18,5.9,209,517,2479,18,4.8,159,102,852,26,38.5,13.3,59.67
156,Denver Broncos,7,23,17,335,5618,1036,5.4,18,9,331,354,541,3593,20,9,6.2,179,455,2025,16,4.5,124,83,711,28,36.9,9.5,61.32
157,New York Jets,4,28,17,310,5208,1036,5.0,27,7,310,357,603,3541,20,20,5.4,195,380,1667,14,4.4,87,103,860,28,29.4,14.4,-32.71
158,Houston Texans,4,30,17,280,4727,1010,4.7,22,7,266,354,546,3305,21,15,5.6,162,420,1422,8,3.4,77,114,978,27,26.6,11.2,-74.29
159,Jacksonville Jaguars,3,32,17,253,5191,1028,5.0,29,12,304,361,604,3436,12,17,5.4,178,392,1755,13,4.5,92,104,856,34,26.4,15.7,-42.52
